execute if entity @s[tag=aj.animated_pokemon.bone.ear1] run data modify entity @s {} merge value {transformation:[-1f,7.181471231806724e-17f,9.919800865587885e-17f,-0.018749999999999968f,0f,0.8100132113597518f,-0.586411627973612f,0.5168806194438579f,-1.2246467991473532e-16f,-0.586411627973612f,-0.8100132113597518f,-0.23436770156597436f,0f,0f,0f,1f],start_interpolation:0}
execute if entity @s[tag=aj.animated_pokemon.bone.ear2] run data modify entity @s {} merge value {transformation:[-1f,6.59253619494747e-17f,1.032058354864168e-16f,-0.00625000000000001f,0f,0.8427396009875886f,-0.5383214327214549f,0.7187492907531807f,-1.2246467991473532e-16f,-0.5383214327214549f,-0.8427396009875886f,0.08098028406863934f,0f,0f,0f,1f],start_interpolation:0}
execute if entity @s[tag=aj.animated_pokemon.bone.base] run data modify entity @s {} merge value {transformation:[-1f,3.80976769788415e-17f,1.1638799266004387e-16f,0f,0f,0.9503800829845611f,-0.3110911407710908f,0.36342592592592593f,-1.2246467991473532e-16f,-0.3110911407710908f,-0.9503800829845611f,0f,0f,0f,0f,1f],start_interpolation:0}