execute if entity @s[tag=aj.animated_pokemon.bone.ear1] run data modify entity @s {} merge value {transformation:[-1f,2.4848234398271693e-17f,1.199173176564049e-16f,-0.01874999999999997f,0f,0.979199208619955f,-0.20290123173123875f,0.5784730042063609f,-1.2246467991473532e-16f,-0.20290123173123875f,-0.979199208619955f,-0.19741635423379011f,0f,0f,0f,1f],start_interpolation:0}
execute if entity @s[tag=aj.animated_pokemon.bone.ear2] run data modify entity @s {} merge value {transformation:[-1f,2.2256698976716224e-17f,1.204252348026709e-16f,-0.0062500000000000186f,0f,0.9833466668635857f,-0.18173973910038554f,0.710498334271989f,-1.2246467991473532e-16f,-0.18173973910038554f,-0.9833466668635857f,0.15296147714408398f,0f,0f,0f,1f],start_interpolation:0}
execute if entity @s[tag=aj.animated_pokemon.bone.base] run data modify entity @s {} merge value {transformation:[-1f,1.3112772276157612e-17f,1.2176063826151787e-16f,0f,0f,0.9942510636233433f,-0.10707391131293721f,0.3797185185185185f,-1.2246467991473532e-16f,-0.10707391131293721f,-0.9942510636233433f,0f,0f,0f,0f,1f],start_interpolation:0}