execute if entity @s[tag=aj.animated_pokemon.bone.ear1] run data modify entity @s {} merge value {transformation:[-1f,5.999832829767603e-17f,1.0676047221749659e-16f,-0.018749999999999968f,0f,0.8717654126220509f,-0.48992353011047096f,0.5147315683511802f,-1.2246467991473532e-16f,-0.48992353011047096f,-0.8717654126220509f,-0.2262894262296839f,0f,0f,0f,1f],start_interpolation:0}
execute if entity @s[tag=aj.animated_pokemon.bone.ear2] run data modify entity @s {} merge value {transformation:[-1f,5.591497355304281e-17f,1.0895463991579751e-16f,-0.0062500000000000125f,0f,0.8896821515530517f,-0.4565804082611655f,0.7003589602249521f,-1.2246467991473532e-16f,-0.4565804082611655f,-0.8896821515530517f,0.09888404114756248f,0f,0f,0f,1f],start_interpolation:0}
execute if entity @s[tag=aj.animated_pokemon.bone.base] run data modify entity @s {} merge value {transformation:[-1f,3.215016463676677e-17f,1.1816922078294063e-16f,0f,0f,0.9649249143933961f,-0.26252601696383776f,0.3495962962962963f,-1.2246467991473532e-16f,-0.26252601696383776f,-0.9649249143933961f,0f,0f,0f,0f,1f],start_interpolation:0}