execute if entity @s[tag=aj.animated_pokemon.bone.ear1] run data modify entity @s {} merge value {transformation:[-1f,-4.134933294446335e-17f,1.152728523619785e-16f,-0.018749999999999982f,0f,0.9412742714245116f,0.3376429267054989f,0.6436766791165875f,-1.2246467991473532e-16f,0.3376429267054989f,-0.9412742714245116f,-0.1116435957607946f,0f,0f,0f,1f],start_interpolation:0}
execute if entity @s[tag=aj.animated_pokemon.bone.ear2] run data modify entity @s {} merge value {transformation:[-1f,-5.90976787655597e-17f,1.0726165293869608e-16f,-0.006250000000000033f,0f,0.8758578637806086f,0.48256916856930354f,0.6392776517794208f,-1.2246467991473532e-16f,0.48256916856930354f,-0.8758578637806086f,0.26275720693397375f,0f,0f,0f,1f],start_interpolation:0}
execute if entity @s[tag=aj.animated_pokemon.bone.base] run data modify entity @s {} merge value {transformation:[-1f,-3.205390669110704e-17f,1.1819536747460275e-16f,0f,0f,0.9651384183333102f,0.26174001118872986f,0.3867481481481482f,-1.2246467991473532e-16f,0.26174001118872986f,-0.9651384183333102f,0f,0f,0f,0f,1f],start_interpolation:0}