execute if entity @s[tag=aj.animated_pokemon.bone.ear1] run data modify entity @s {} merge value {transformation:[-1f,-3.5058419489401894e-17f,1.1733927326144346e-16f,-0.018749999999999982f,0f,0.9581478785813153f,0.2862737200130759f,0.5858913198941635f,-1.2246467991473532e-16f,0.2862737200130759f,-0.9581478785813153f,-0.12641559428161558f,0f,0f,0f,1f],start_interpolation:0}
execute if entity @s[tag=aj.animated_pokemon.bone.ear2] run data modify entity @s {} merge value {transformation:[-1f,-4.713165971417793e-17f,1.1303187373128658e-16f,-0.006250000000000031f,0f,0.9229752922228988f,0.3848592079527978f,0.6033018452432289f,-1.2246467991473532e-16f,0.3848592079527978f,-0.9229752922228988f,0.2476060442729867f,0f,0f,0f,1f],start_interpolation:0}
execute if entity @s[tag=aj.animated_pokemon.bone.base] run data modify entity @s {} merge value {transformation:[-1f,-2.5116767353063817e-17f,1.1986136084806747e-16f,0f,0f,0.9787422866047552f,0.20509396971070426f,0.33590000000000003f,-1.2246467991473532e-16f,0.20509396971070426f,-0.9787422866047552f,0f,0f,0f,0f,1f],start_interpolation:0}