execute if entity @s[tag=aj.animated_pokemon.bone.ear1] run data modify entity @s {} merge value {transformation:[-1f,-3.5396186497985497e-17f,1.1723782584139986e-16f,-0.018749999999999982f,0f,0.9573194975320672f,0.2890317969444717f,0.6374396031297409f,-1.2246467991473532e-16f,0.2890317969444717f,-0.9573194975320672f,-0.12162980820450449f,0f,0f,0f,1f],start_interpolation:0}
execute if entity @s[tag=aj.animated_pokemon.bone.ear2] run data modify entity @s {} merge value {transformation:[-1f,-5.0876023264315605e-17f,1.1139671486820155e-16f,-0.006250000000000032f,0f,0.9096232068361284f,0.415434256634137f,0.6477210987892577f,-1.2246467991473532e-16f,0.415434256634137f,-0.9096232068361284f,0.25265564882929925f,0f,0f,0f,1f],start_interpolation:0}
execute if entity @s[tag=aj.animated_pokemon.bone.base] run data modify entity @s {} merge value {transformation:[-1f,-2.7395810132583093e-17f,1.1936107997918766e-16f,0f,0f,0.9746571832980048f,0.22370376627495472f,0.3850851851851852f,-1.2246467991473532e-16f,0.22370376627495472f,-0.9746571832980048f,0f,0f,0f,0f,1f],start_interpolation:0}