execute if entity @s[tag=aj.animated_pokemon.bone.ear1] run data modify entity @s {} merge value {transformation:[-1f,-5.585157685395973e-17f,1.0898715148835117e-16f,-0.018749999999999985f,0f,0.889947628689613f,0.4560627349277014f,0.6566815849903442f,-1.2246467991473532e-16f,0.4560627349277014f,-0.889947628689613f,-0.08613198905277002f,0f,0f,0f,1f],start_interpolation:0}
execute if entity @s[tag=aj.animated_pokemon.bone.ear2] run data modify entity @s {} merge value {transformation:[-1f,-7.854399162706731e-17f,9.395977440322937e-17f,-0.006250000000000036f,0f,0.7672397826756892f,0.6413603635085047f,0.6158983558994431f,-1.2246467991473532e-16f,0.6413603635085047f,-0.7672397826756892f,0.2860669372284849f,0f,0f,0f,1f],start_interpolation:0}
execute if entity @s[tag=aj.animated_pokemon.bone.base] run data modify entity @s {} merge value {transformation:[-1f,-4.3394801055313855e-17f,1.1451850971781073e-16f,0f,0f,0.9351145962863984f,0.3543454413593128f,0.3901148148148148f,-1.2246467991473532e-16f,0.3543454413593128f,-0.9351145962863984f,0f,0f,0f,0f,1f],start_interpolation:0}