execute if entity @s[tag=aj.animated_pokemon.bone.ear1] run data modify entity @s {} merge value {transformation:[-1f,6.659145347378677e-17f,1.027773134055715e-16f,-0.018749999999999968f,0f,0.8392404526523816f,-0.5437604827787925f,0.5450943423873471f,-1.2246467991473532e-16f,-0.5437604827787925f,-0.8392404526523816f,-0.23207914130063895f,0f,0f,0f,1f],start_interpolation:0}
execute if entity @s[tag=aj.animated_pokemon.bone.ear2] run data modify entity @s {} merge value {transformation:[-1f,6.023006663651162e-17f,1.0662990621575144e-16f,-0.006250000000000011f,0f,0.8706992603091056f,-0.491815817249889f,0.74229046677902f,-1.2246467991473532e-16f,-0.491815817249889f,-0.8706992603091056f,0.08621160789717214f,0f,0f,0f,1f],start_interpolation:0}
execute if entity @s[tag=aj.animated_pokemon.bone.base] run data modify entity @s {} merge value {transformation:[-1f,3.637710220919832e-17f,1.169371808343271e-16f,0f,0f,0.954864544746643f,-0.2970415815770349f,0.3882f,-1.2246467991473532e-16f,-0.2970415815770349f,-0.954864544746643f,0f,0f,0f,0f,1f],start_interpolation:0}