execute if entity @s[tag=aj.animated_pokemon.bone.ear1] run data modify entity @s {} merge value {transformation:[-1f,-5.1351895353337963e-17f,1.1117814834866788e-16f,-0.018749999999999982f,0f,0.9078384757635789f,0.4193200471278017f,0.6257625187137397f,-1.2246467991473532e-16f,0.4193200471278017f,-0.9078384757635789f,-0.09826532747862204f,0f,0f,0f,1f],start_interpolation:0}
execute if entity @s[tag=aj.animated_pokemon.bone.ear2] run data modify entity @s {} merge value {transformation:[-1f,-7.245444146833558e-17f,9.873171596873069e-17f,-0.006250000000000034f,0f,0.806205642618521f,0.5916354129107362f,0.6020901129640217f,-1.2246467991473532e-16f,0.5916354129107362f,-0.806205642618521f,0.2754122470505711f,0f,0f,0f,1f],start_interpolation:0}
execute if entity @s[tag=aj.animated_pokemon.bone.base] run data modify entity @s {} merge value {transformation:[-1f,-3.8097676978841506e-17f,1.1638799266004387e-16f,0f,0f,0.9503800829845611f,0.31109114077109085f,0.36342592592592593f,-1.2246467991473532e-16f,0.31109114077109085f,-0.9503800829845611f,0f,0f,0f,0f,1f],start_interpolation:0}