execute if entity @s[tag=aj.animated_pokemon.bone.ear1] run data modify entity @s {} merge value {transformation:[-1f,-6.18483178958339e-17f,1.0569949574181727e-16f,-0.018749999999999985f,0f,0.8631018822358363f,0.5050298415746901f,0.6588051790748152f,-1.2246467991473532e-16f,0.5050298415746901f,-0.8631018822358363f,-0.07602383965637739f,0f,0f,0f,1f],start_interpolation:0}
execute if entity @s[tag=aj.animated_pokemon.bone.ear2] run data modify entity @s {} merge value {transformation:[-1f,-8.685718122233608e-17f,8.633323749708941e-17f,-0.006250000000000036f,0f,0.7049643828506144f,0.7092427080429184f,0.6040226820628942f,-1.2246467991473532e-16f,0.7092427080429184f,-0.7049643828506144f,0.29437350175030563f,0f,0f,0f,1f],start_interpolation:0}
execute if entity @s[tag=aj.animated_pokemon.bone.base] run data modify entity @s {} merge value {transformation:[-1f,-4.768019141226084e-17f,1.1280158320479702e-16f,0f,0f,0.9210948273684615f,0.38933830917990103f,0.38918148148148146f,-1.2246467991473532e-16f,0.38933830917990103f,-0.9210948273684615f,0f,0f,0f,0f,1f],start_interpolation:0}