execute if entity @s[tag=aj.animated_pokemon.bone.ear1] run data modify entity @s {} merge value {transformation:[-1f,-2.9211923531315995e-17f,1.1892964874336056e-16f,-0.01874999999999998f,0f,0.9711342799096361f,0.2385334575785808f,0.6305545768398664f,-1.2246467991473532e-16f,0.2385334575785808f,-0.9711342799096361f,-0.13168802805015595f,0f,0f,0f,1f],start_interpolation:0}
execute if entity @s[tag=aj.animated_pokemon.bone.ear2] run data modify entity @s {} merge value {transformation:[-1f,-4.2206585271445926e-17f,1.1496174140270642e-16f,-0.00625000000000003f,0f,0.9387338576538742f,0.34464292317451684f,0.655892002810931f,-1.2246467991473532e-16f,0.34464292317451684f,-0.9387338576538742f,0.24188034232555022f,0f,0f,0f,1f],start_interpolation:0}
execute if entity @s[tag=aj.animated_pokemon.bone.base] run data modify entity @s {} merge value {transformation:[-1f,-2.2569560653248793e-17f,1.2036699198093263e-16f,0f,0f,0.9828710781323792f,0.18429444856233324f,0.3833f,-1.2246467991473532e-16f,0.18429444856233324f,-0.9828710781323792f,0f,0f,0f,0f,1f],start_interpolation:0}