execute if entity @s[tag=aj.animated_pokemon.bone.ear1] run data modify entity @s {} merge value {transformation:[-1f,9.849942358157352e-18f,1.220679174155091e-16f,-0.018749999999999975f,0f,0.9967601883293824f,-0.08043088313312267f,0.5879661032291448f,-1.2246467991473532e-16f,-0.08043088313312267f,-0.9967601883293824f,-0.18398221556249844f,0f,0f,0f,1f],start_interpolation:0}
execute if entity @s[tag=aj.animated_pokemon.bone.ear2] run data modify entity @s {} merge value {transformation:[-1f,8.798549936236276e-18f,1.221482023839816e-16f,-0.006250000000000021f,0f,0.9974157648476766f,-0.07184561248485824f,0.6967721072912514f,-1.2246467991473532e-16f,-0.07184561248485824f,-0.9974157648476766f,0.17428663038986286f,0f,0f,0f,1f],start_interpolation:0}
execute if entity @s[tag=aj.animated_pokemon.bone.base] run data modify entity @s {} merge value {transformation:[-1f,5.114051582093757e-18f,1.2235785345875539e-16f,0f,0f,0.9991276957890691f,-0.0417594002258803f,0.37671481481481484f,-1.2246467991473532e-16f,-0.0417594002258803f,-0.9991276957890691f,0f,0f,0f,0f,1f],start_interpolation:0}