execute if entity @s[tag=aj.animated_pokemon.bone.ear1] run data modify entity @s {} merge value {transformation:[-1f,8.659560562354932e-17f,8.659560562354933e-17f,-0.018749999999999965f,0f,0.7071067811865475f,-0.7071067811865475f,0.5226290470729533f,-1.2246467991473532e-16f,-0.7071067811865475f,-0.7071067811865475f,-0.24539091901933863f,0f,0f,0f,1f],start_interpolation:0}
execute if entity @s[tag=aj.animated_pokemon.bone.ear2] run data modify entity @s {} merge value {transformation:[-1f,7.871877887341985e-17f,9.381338752702731e-17f,-0.006250000000000006f,0f,0.766044443118978f,-0.6427876096865393f,0.7479654974782315f,-1.2246467991473532e-16f,-0.6427876096865393f,-0.766044443118978f,0.05363883973177572f,0f,0f,0f,1f],start_interpolation:0}
execute if entity @s[tag=aj.animated_pokemon.bone.base] run data modify entity @s {} merge value {transformation:[-1f,4.6865204053262974e-17f,1.1314261122877003e-16f,0f,0f,0.9238795325112867f,-0.3826834323650897f,0.3875f,-1.2246467991473532e-16f,-0.3826834323650897f,-0.9238795325112867f,0f,0f,0f,0f,1f],start_interpolation:0}