execute if entity @s[tag=aj.animated_pokemon.bone.ear1] run data modify entity @s {} merge value {transformation:[-1f,-1.704378926181558e-17f,1.2127286206821952e-16f,-0.01874999999999998f,0f,0.9902680687415703f,0.13917310096006563f,0.615948873165889f,-1.2246467991473532e-16f,0.13917310096006563f,-0.9902680687415703f,-0.15057151803438001f,0f,0f,0f,1f],start_interpolation:0}
execute if entity @s[tag=aj.animated_pokemon.bone.ear2] run data modify entity @s {} merge value {transformation:[-1f,-2.484823439827173e-17f,1.199173176564049e-16f,-0.006250000000000027f,0f,0.9791992086199549f,0.20290123173123906f,0.6703456175296374f,-1.2246467991473532e-16f,0.20290123173123906f,-0.9791992086199549f,0.21988267171466974f,0f,0f,0f,1f],start_interpolation:0}
execute if entity @s[tag=aj.animated_pokemon.bone.base] run data modify entity @s {} merge value {transformation:[-1f,-1.3112772276157631e-17f,1.2176063826151787e-16f,0f,0f,0.9942510636233431f,0.10707391131293736f,0.3797185185185185f,-1.2246467991473532e-16f,0.10707391131293736f,-0.9942510636233431f,0f,0f,0f,0f,1f],start_interpolation:0}