execute if entity @s[tag=aj.animated_pokemon.bone.ear1] run data modify entity @s {} merge value {transformation:[-1f,3.7956582802230816e-17f,1.164340828477468e-16f,-0.01874999999999997f,0f,0.9507564379281666f,-0.3099390193863053f,0.5146678945093375f,-1.2246467991473532e-16f,-0.3099390193863053f,-0.9507564379281666f,-0.21032689564177745f,0f,0f,0f,1f],start_interpolation:0}
execute if entity @s[tag=aj.animated_pokemon.bone.ear2] run data modify entity @s {} merge value {transformation:[-1f,3.6825839484795395e-17f,1.1679664110263897e-16f,-0.006250000000000016f,0f,0.9537169507482268f,-0.30070579950427323f,0.6699410857584941f,-1.2246467991473532e-16f,-0.30070579950427323f,-0.9537169507482268f,0.13038639816887324f,0f,0f,0f,1f],start_interpolation:0}
execute if entity @s[tag=aj.animated_pokemon.bone.base] run data modify entity @s {} merge value {transformation:[-1f,2.1265768495757722e-17f,1.2060416625018976e-16f,0f,0f,0.984807753012208f,-0.17364817766693041f,0.32962962962962966f,-1.2246467991473532e-16f,-0.17364817766693041f,-0.984807753012208f,0f,0f,0f,0f,1f],start_interpolation:0}