execute if entity @s[tag=aj.animated_pokemon.bone.ear1] run data modify entity @s {} merge value {transformation:[-1f,-5.1755810150196594e-17f,1.1099069304367543e-16f,-0.018749999999999985f,0f,0.9063077870366499f,0.4226182617406995f,0.6534315062915137f,-1.2246467991473532e-16f,0.4226182617406995f,-0.9063077870366499f,-0.0934799369438643f,0f,0f,0f,1f],start_interpolation:0}
execute if entity @s[tag=aj.animated_pokemon.bone.ear2] run data modify entity @s {} merge value {transformation:[-1f,-7.313083579121583e-17f,9.823176005293197e-17f,-0.006250000000000034f,0f,0.8021231927550437f,0.5971585917027862f,0.6229697368954356f,-1.2246467991473532e-16f,0.5971585917027862f,-0.8021231927550437f,0.2797055304919137f,0f,0f,0f,1f],start_interpolation:0}
execute if entity @s[tag=aj.animated_pokemon.bone.base] run data modify entity @s {} merge value {transformation:[-1f,-4.0207257773038834e-17f,1.1567616110932703e-16f,0f,0f,0.9445675372676047f,0.32831717521356113f,0.38935185185185184f,-1.2246467991473532e-16f,0.32831717521356113f,-0.9445675372676047f,0f,0f,0f,0f,1f],start_interpolation:0}