execute if entity @s[tag=aj.animated_pokemon.bone.ear1] run data modify entity @s {} merge value {transformation:[-1f,-6.693886202345899e-18f,1.2228160006365888e-16f,-0.018749999999999975f,0f,0.9985050395656616f,0.05465972888678143f,0.6025818933082029f,-1.2246467991473532e-16f,0.05465972888678143f,-0.9985050395656616f,-0.16571247796367577f,0f,0f,0f,1f],start_interpolation:0}
execute if entity @s[tag=aj.animated_pokemon.bone.ear2] run data modify entity @s {} merge value {transformation:[-1f,-9.849942358157358e-18f,1.220679174155091e-16f,-0.006250000000000025f,0f,0.9967601883293824f,0.08043088313312273f,0.6811123322065463f,-1.2246467991473532e-16f,0.08043088313312273f,-0.9967601883293824f,0.20038625553103806f,0f,0f,0f,1f],start_interpolation:0}
execute if entity @s[tag=aj.animated_pokemon.bone.base] run data modify entity @s {} merge value {transformation:[-1f,-5.114051582093759e-18f,1.2235785345875539e-16f,0f,0f,0.9991276957890691f,0.041759400225880317f,0.37671481481481484f,-1.2246467991473532e-16f,0.041759400225880317f,-0.9991276957890691f,0f,0f,0f,0f,1f],start_interpolation:0}