execute if entity @s[tag=aj.animated_pokemon.bone.ear1] run data modify entity @s {} merge value {transformation:[-1f,-2.3017573906702574e-17f,1.2028212301945814e-16f,-0.01874999999999998f,0f,0.9821780704706307f,0.18795275440011194f,0.6232849152998314f,-1.2246467991473532e-16f,0.18795275440011194f,-0.9821780704706307f,-0.14144844252820504f,0f,0f,0f,1f],start_interpolation:0}
execute if entity @s[tag=aj.animated_pokemon.bone.ear2] run data modify entity @s {} merge value {transformation:[-1f,-3.3413262859818085e-17f,1.178182994771155e-16f,-0.006250000000000028f,0f,0.962059424473613f,0.27283999666746117f,0.6635072699179179f,-1.2246467991473532e-16f,0.27283999666746117f,-0.962059424473613f,0.23081151326744173f,0f,0f,0f,1f],start_interpolation:0}
execute if entity @s[tag=aj.animated_pokemon.bone.base] run data modify entity @s {} merge value {transformation:[-1f,-1.7749033759509435e-17f,1.211716535631266e-16f,0f,0f,0.9894416385809445f,0.1449318593072468f,0.3814814814814815f,-1.2246467991473532e-16f,0.1449318593072468f,-0.9894416385809445f,0f,0f,0f,0f,1f],start_interpolation:0}