execute if entity @s[tag=aj.animated_pokemon.bone.ear1] run data modify entity @s {} merge value {transformation:[-1f,8.55167557644994e-17f,8.766117903686635e-17f,-0.018749999999999965f,0f,0.7158078484171883f,-0.6982973035493948f,0.5219310072349093f,-1.2246467991473532e-16f,-0.6982973035493948f,-0.7158078484171883f,-0.24423829446508488f,0f,0f,0f,1f],start_interpolation:0}
execute if entity @s[tag=aj.animated_pokemon.bone.ear2] run data modify entity @s {} merge value {transformation:[-1f,7.769077048515856e-17f,9.466647774181203e-17f,-0.006250000000000007f,0f,0.773010453362737f,-0.6343932841636454f,0.7447281737113929f,-1.2246467991473532e-16f,-0.6343932841636454f,-0.773010453362737f,0.05668816683410041f,0f,0f,0f,1f],start_interpolation:0}
execute if entity @s[tag=aj.animated_pokemon.bone.base] run data modify entity @s {} merge value {transformation:[-1f,4.590580159095317e-17f,1.1353525975180847e-16f,0f,0f,0.9270857510169963f,-0.3748493167410765f,0.38472962962962964f,-1.2246467991473532e-16f,-0.3748493167410765f,-0.9270857510169963f,0f,0f,0f,0f,1f],start_interpolation:0}