execute if entity @s[tag=aj.animated_pokemon.bone.ear1] run data modify entity @s {} merge value {transformation:[-1f,2.2065172048627916e-17f,1.2046047488318743e-16f,-0.01874999999999997f,0f,0.9836344239584563f,-0.18017580304778935f,0.5181463459011731f,-1.2246467991473532e-16f,-0.18017580304778935f,-0.9836344239584563f,-0.19732382831718792f,0f,0f,0f,1f],start_interpolation:0}
execute if entity @s[tag=aj.animated_pokemon.bone.ear2] run data modify entity @s {} merge value {transformation:[-1f,2.2317415298489394e-17f,1.2041399752941237e-16f,-0.0062500000000000186f,0f,0.9832549075639547f,-0.18223552549214717f,0.6500085884256733f,-1.2246467991473532e-16f,-0.18223552549214717f,-0.9832549075639547f,0.15311541248841862f,0f,0f,0f,1f],start_interpolation:0}
execute if entity @s[tag=aj.animated_pokemon.bone.base] run data modify entity @s {} merge value {transformation:[-1f,1.3056100883660153e-17f,1.2176672803493681e-16f,0f,0f,0.9943007903969989f,-0.10661115427525976f,0.3193f,-1.2246467991473532e-16f,-0.10661115427525976f,-0.9943007903969989f,0f,0f,0f,0f,1f],start_interpolation:0}