execute if entity @s[tag=aj.animated_pokemon.bone.ear1] run data modify entity @s {} merge value {transformation:[-1f,3.0016164093372915e-17f,1.1872922015973275e-16f,-0.01874999999999997f,0f,0.9694976563234121f,-0.2451005801368308f,0.5159715005701221f,-1.2246467991473532e-16f,-0.2451005801368308f,-0.9694976563234121f,-0.2040427868720415f,0f,0f,0f,1f],start_interpolation:0}
execute if entity @s[tag=aj.animated_pokemon.bone.ear2] run data modify entity @s {} merge value {transformation:[-1f,2.968449295863789e-17f,1.1881257805639583e-16f,-0.006250000000000018f,0f,0.9701783252046041f,-0.24239227979287897f,0.6598025813578423f,-1.2246467991473532e-16f,-0.24239227979287897f,-0.9701783252046041f,0.14165640708049912f,0f,0f,0f,1f],start_interpolation:0}
execute if entity @s[tag=aj.animated_pokemon.bone.base] run data modify entity @s {} merge value {transformation:[-1f,1.7234263122826443e-17f,1.2124594014329618e-16f,0f,0f,0.9900482345416844f,-0.14072843806741347f,0.3240259259259259f,-1.2246467991473532e-16f,-0.14072843806741347f,-0.9900482345416844f,0f,0f,0f,0f,1f],start_interpolation:0}