execute if entity @s[tag=aj.animated_pokemon.bone.ear1] run data modify entity @s {} merge value {transformation:[-1f,-3.97627978942777e-17f,1.1582969278314346e-16f,-0.018749999999999982f,0f,0.9458212185243011f,0.32468788488209094f,0.5963508304350007f,-1.2246467991473532e-16f,0.32468788488209094f,-0.9458212185243011f,-0.11874441179213843f,0f,0f,0f,1f],start_interpolation:0}
execute if entity @s[tag=aj.animated_pokemon.bone.ear2] run data modify entity @s {} merge value {transformation:[-1f,-5.4378348703633896e-17f,1.0972963600998853e-16f,-0.006250000000000032f,0f,0.8960104749090643f,0.4440329141552831f,0.6023638413037244f,-1.2246467991473532e-16f,0.4440329141552831f,-0.8960104749090643f,0.2556339478926764f,0f,0f,0f,1f],start_interpolation:0}
execute if entity @s[tag=aj.animated_pokemon.bone.base] run data modify entity @s {} merge value {transformation:[-1f,-2.8755052242209705e-17f,1.1904093748440645e-16f,0f,0f,0.9720430214433042f,0.23480282039058192f,0.34262592592592594f,-1.2246467991473532e-16f,0.23480282039058192f,-0.9720430214433042f,0f,0f,0f,0f,1f],start_interpolation:0}