execute if entity @s[tag=aj.animated_pokemon.bone.ear1] run data modify entity @s {} merge value {transformation:[-1f,-4.792945083627422e-17f,1.126958986350069e-16f,-0.018749999999999982f,0f,0.9202318473658705f,0.39137366683720215f,0.6164848338558147f,-1.2246467991473532e-16f,0.39137366683720215f,-0.9202318473658705f,-0.10457741453935318f,0f,0f,0f,1f],start_interpolation:0}
execute if entity @s[tag=aj.animated_pokemon.bone.ear2] run data modify entity @s {} merge value {transformation:[-1f,-6.712867895030109e-17f,1.0242723411771881e-16f,-0.006250000000000033f,0f,0.8363818383311225f,0.5481472617005874f,0.6018513013589878f,-1.2246467991473532e-16f,0.5481472617005874f,-0.8363818383311225f,0.2695631636216695f,0f,0f,0f,1f],start_interpolation:0}
execute if entity @s[tag=aj.animated_pokemon.bone.base] run data modify entity @s {} merge value {transformation:[-1f,-3.527339594816644e-17f,1.172748283516222e-16f,0f,0f,0.9576216459576223f,0.2880291360147689f,0.35660000000000003f,-1.2246467991473532e-16f,0.2880291360147689f,-0.9576216459576223f,0f,0f,0f,0f,1f],start_interpolation:0}