execute if entity @s[tag=aj.animated_pokemon.bone.ear1] run data modify entity @s {} merge value {transformation:[-1f,-5.878541767462499e-17f,1.074331070733713e-16f,-0.018749999999999985f,0f,0.8772578930363466f,0.4800193632609311f,0.6481315075876286f,-1.2246467991473532e-16f,0.4800193632609311f,-0.8772578930363466f,-0.08349142109322664f,0f,0f,0f,1f],start_interpolation:0}
execute if entity @s[tag=aj.animated_pokemon.bone.ear2] run data modify entity @s {} merge value {transformation:[-1f,-8.357511810637423e-17f,8.951423048948238e-17f,-0.006250000000000036f,0f,0.7309391618204177f,0.6824426288833848f,0.6036692116355101f,-1.2246467991473532e-16f,0.6824426288833848f,-0.7309391618204177f,0.28828595414451724f,0f,0f,0f,1f],start_interpolation:0}
execute if entity @s[tag=aj.animated_pokemon.bone.base] run data modify entity @s {} merge value {transformation:[-1f,-4.4525271115492233e-17f,1.1408373266469891e-16f,0f,0f,0.9315643722265755f,0.3635764299265099f,0.3807259259259259f,-1.2246467991473532e-16f,0.3635764299265099f,-0.9315643722265755f,0f,0f,0f,0f,1f],start_interpolation:0}