execute if entity @s[tag=aj.animated_pokemon.bone.ear1] run data modify entity @s {} merge value {transformation:[-1f,7.313083579121583e-17f,9.823176005293197e-17f,-0.018749999999999965f,0f,0.8021231927550437f,-0.5971585917027862f,0.5385204949667672f,-1.2246467991473532e-16f,-0.5971585917027862f,-0.8021231927550437f,-0.23711870109979738f,0f,0f,0f,1f],start_interpolation:0}
execute if entity @s[tag=aj.animated_pokemon.bone.ear2] run data modify entity @s {} merge value {transformation:[-1f,6.630019232305756e-17f,1.0296544238017022e-16f,-0.00625000000000001f,0f,0.840776642309103f,-0.5413821549953697f,0.746088677600521f,-1.2246467991473532e-16f,-0.5413821549953697f,-0.840776642309103f,0.07450729598343801f,0f,0f,0f,1f],start_interpolation:0}
execute if entity @s[tag=aj.animated_pokemon.bone.base] run data modify entity @s {} merge value {transformation:[-1f,4.0207257773038834e-17f,1.1567616110932703e-16f,0f,0f,0.9445675372676047f,-0.32831717521356113f,0.38935185185185184f,-1.2246467991473532e-16f,-0.32831717521356113f,-0.9445675372676047f,0f,0f,0f,0f,1f],start_interpolation:0}