execute if entity @s[tag=aj.animated_pokemon.bone.ear1] run data modify entity @s {} merge value {transformation:[-1f,4.220658527144594e-17f,1.1496174140270642e-16f,-0.01874999999999997f,0f,0.9387338576538742f,-0.34464292317451695f,0.5660515198430497f,-1.2246467991473532e-16f,-0.34464292317451695f,-0.9387338576538742f,-0.21231684929617678f,0f,0f,0f,1f],start_interpolation:0}
execute if entity @s[tag=aj.animated_pokemon.bone.ear2] run data modify entity @s {} merge value {transformation:[-1f,3.792497005539656e-17f,1.1644438360400147e-16f,-0.006250000000000016f,0f,0.9508405499861233f,-0.30968088171872415f,0.725002421021806f,-1.2246467991473532e-16f,-0.30968088171872415f,-0.9508405499861233f,0.12669631197409195f,0f,0f,0f,1f],start_interpolation:0}
execute if entity @s[tag=aj.animated_pokemon.bone.base] run data modify entity @s {} merge value {transformation:[-1f,2.2569560653248796e-17f,1.2036699198093263e-16f,0f,0f,0.9828710781323792f,-0.18429444856233326f,0.3833f,-1.2246467991473532e-16f,-0.18429444856233326f,-0.9828710781323792f,0f,0f,0f,0f,1f],start_interpolation:0}