execute if entity @s[tag=aj.animated_pokemon.bone.ear1] run data modify entity @s {} merge value {transformation:[-1f,3.341326285981806e-17f,1.1781829947711552e-16f,-0.01874999999999997f,0f,0.9620594244736131f,-0.272839996667461f,0.5725587645422949f,-1.2246467991473532e-16f,-0.272839996667461f,-0.9620594244736131f,-0.20485613097512556f,0f,0f,0f,1f],start_interpolation:0}
execute if entity @s[tag=aj.animated_pokemon.bone.ear2] run data modify entity @s {} merge value {transformation:[-1f,2.9972415278628235e-17f,1.1874027180777392e-16f,-0.006250000000000018f,0f,0.969587899878116f,-0.2447433439543238f,0.7178567171581354f,-1.2246467991473532e-16f,-0.2447433439543238f,-0.969587899878116f,0.1402291012004125f,0f,0f,0f,1f],start_interpolation:0}
execute if entity @s[tag=aj.animated_pokemon.bone.base] run data modify entity @s {} merge value {transformation:[-1f,1.7749033759509426e-17f,1.211716535631266e-16f,0f,0f,0.9894416385809445f,-0.14493185930724675f,0.3814814814814815f,-1.2246467991473532e-16f,-0.14493185930724675f,-0.9894416385809445f,0f,0f,0f,0f,1f],start_interpolation:0}