execute if entity @s[tag=aj.animated_pokemon.bone.ear1] run data modify entity @s {} merge value {transformation:[-1f,8.270441618246062e-17f,9.031930785018742e-17f,-0.018749999999999965f,0f,0.737513117358174f,-0.6753328081210244f,0.5278357662878422f,-1.2246467991473532e-16f,-0.6753328081210244f,-0.737513117358174f,-0.2441064780887096f,0f,0f,0f,1f],start_interpolation:0}
execute if entity @s[tag=aj.animated_pokemon.bone.ear2] run data modify entity @s {} merge value {transformation:[-1f,7.526196777659983e-17f,9.660866437857751e-17f,-0.006250000000000007f,0f,0.7888696107795342f,-0.6145606049760644f,0.7503439614929193f,-1.2246467991473532e-16f,-0.6145606049760644f,-0.7888696107795342f,0.057033714457186385f,0f,0f,0f,1f],start_interpolation:0}
execute if entity @s[tag=aj.animated_pokemon.bone.base] run data modify entity @s {} merge value {transformation:[-1f,4.579679443184838e-17f,1.1357927384160193e-16f,0f,0f,0.9274451533346614f,-0.3739592057378004f,0.3904f,-1.2246467991473532e-16f,-0.3739592057378004f,-0.9274451533346614f,0f,0f,0f,0f,1f],start_interpolation:0}