execute if entity @s[tag=aj.animated_pokemon.bone.ear1] run data modify entity @s {} merge value {transformation:[-1f,7.656272776360691e-17f,9.558109930323251e-17f,-0.018749999999999965f,0f,0.7804789051813126f,-0.6251821163205005f,0.5182306479889642f,-1.2246467991473532e-16f,-0.6251821163205005f,-0.7804789051813126f,-0.2376206904712326f,0f,0f,0f,1f],start_interpolation:0}
execute if entity @s[tag=aj.animated_pokemon.bone.ear2] run data modify entity @s {} merge value {transformation:[-1f,6.995074702738584e-17f,1.0052109637747317e-16f,-0.006250000000000009f,0f,0.8208170424930672f,-0.5711911963195287f,0.726849167556383f,-1.2246467991473532e-16f,-0.5711911963195287f,-0.8208170424930672f,0.07330313588097626f,0f,0f,0f,1f],start_interpolation:0}
execute if entity @s[tag=aj.animated_pokemon.bone.base] run data modify entity @s {} merge value {transformation:[-1f,4.059735457716596e-17f,1.155398313481305e-16f,0f,0f,0.9434543202870724f,-0.33150255735311945f,0.36986296296296295f,-1.2246467991473532e-16f,-0.33150255735311945f,-0.9434543202870724f,0f,0f,0f,0f,1f],start_interpolation:0}