execute if entity @s[tag=aj.animated_pokemon.bone.ear1] run data modify entity @s {} merge value {transformation:[-1f,-6.02703849262042e-17f,1.0660712231115592e-16f,-0.018749999999999985f,0f,0.8705132156094306f,0.49214504106952955f,0.653128268094286f,-1.2246467991473532e-16f,0.49214504106952955f,-0.8705132156094306f,-0.0802417183908638f,0f,0f,0f,1f],start_interpolation:0}
execute if entity @s[tag=aj.animated_pokemon.bone.ear2] run data modify entity @s {} merge value {transformation:[-1f,-8.554848300046811e-17f,8.763021672309843e-17f,-0.006250000000000037f,0f,0.7155550219386518f,0.698556376091705f,0.6041596799334891f,-1.2246467991473532e-16f,0.698556376091705f,-0.7155550219386518f,0.29096898979727326f,0f,0f,0f,1f],start_interpolation:0}
execute if entity @s[tag=aj.animated_pokemon.bone.base] run data modify entity @s {} merge value {transformation:[-1f,-4.590580159095319e-17f,1.1353525975180847e-16f,0f,0f,0.9270857510169963f,0.3748493167410767f,0.38472962962962964f,-1.2246467991473532e-16f,0.3748493167410767f,-0.9270857510169963f,0f,0f,0f,0f,1f],start_interpolation:0}