execute if entity @s[tag=aj.animated_pokemon.bone.ear1] run data modify entity @s {} merge value {transformation:[-1f,-1.8777605351422397e-17f,1.2101652516860997e-16f,-0.01874999999999998f,0f,0.9881749191102805f,0.15333078373696069f,0.5554602498975141f,-1.2246467991473532e-16f,0.15333078373696069f,-0.9881749191102805f,-0.1506814483217617f,0f,0f,0f,1f],start_interpolation:0}
execute if entity @s[tag=aj.animated_pokemon.bone.ear2] run data modify entity @s {} merge value {transformation:[-1f,-2.340932395127768e-17f,1.2020649474451334e-16f,-0.006250000000000027f,0f,0.9815605187406343f,0.1911516362724025f,0.6100294055724509f,-1.2246467991473532e-16f,0.1911516362724025f,-0.9815605187406343f,0.21974738391045606f,0f,0f,0f,1f],start_interpolation:0}
execute if entity @s[tag=aj.animated_pokemon.bone.base] run data modify entity @s {} merge value {transformation:[-1f,-1.3056100883660181e-17f,1.2176672803493681e-16f,0f,0f,0.9943007903969989f,0.10661115427526f,0.31930000000000003f,-1.2246467991473532e-16f,0.10661115427526f,-0.9943007903969989f,0f,0f,0f,0f,1f],start_interpolation:0}