execute if entity @s[tag=aj.animated_pokemon.bone.ear1] run data modify entity @s {} merge value {transformation:[-1f,-4.6865204053263004e-17f,1.1314261122877003e-16f,-0.018749999999999982f,0f,0.9238795325112867f,0.38268343236508995f,0.6490588959393093f,-1.2246467991473532e-16f,0.38268343236508995f,-0.9238795325112867f,-0.10212344936068608f,0f,0f,0f,1f],start_interpolation:0}
execute if entity @s[tag=aj.animated_pokemon.bone.ear2] run data modify entity @s {} merge value {transformation:[-1f,-6.659145347378681e-17f,1.0277731340557149e-16f,-0.006250000000000033f,0f,0.8392404526523815f,0.5437604827787927f,0.6308998736876319f,-1.2246467991473532e-16f,0.5437604827787927f,-0.8392404526523815f,0.271862596382819f,0f,0f,0f,1f],start_interpolation:0}
execute if entity @s[tag=aj.animated_pokemon.bone.base] run data modify entity @s {} merge value {transformation:[-1f,-3.637710220919834e-17f,1.169371808343271e-16f,0f,0f,0.954864544746643f,0.29704158157703503f,0.3882f,-1.2246467991473532e-16f,0.29704158157703503f,-0.954864544746643f,0f,0f,0f,0f,1f],start_interpolation:0}