execute if entity @s[tag=aj.animated_pokemon.bone.ear1] run data modify entity @s {} merge value {transformation:[-1f,-5.899780949661427e-17f,1.0731661707871613e-16f,-0.018749999999999985f,0f,0.8763066800438635f,0.48175367410171527f,0.6587214882960724f,-1.2246467991473532e-16f,0.48175367410171527f,-0.8763066800438635f,-0.08049932557842185f,0f,0f,0f,1f],start_interpolation:0}
execute if entity @s[tag=aj.animated_pokemon.bone.ear2] run data modify entity @s {} merge value {transformation:[-1f,-8.270441618246062e-17f,9.031930785018739e-17f,-0.006250000000000037f,0f,0.7375131173581739f,0.6753328081210244f,0.610109259341244f,-1.2246467991473532e-16f,0.6753328081210244f,-0.7375131173581739f,0.29075821804331164f,0f,0f,0f,1f],start_interpolation:0}
execute if entity @s[tag=aj.animated_pokemon.bone.base] run data modify entity @s {} merge value {transformation:[-1f,-4.5796794431848384e-17f,1.135792738416019e-16f,0f,0f,0.9274451533346613f,0.37395920573780045f,0.3904f,-1.2246467991473532e-16f,0.37395920573780045f,-0.9274451533346613f,0f,0f,0f,0f,1f],start_interpolation:0}