execute if entity @s[tag=aj.animated_pokemon.bone.ear1] run data modify entity @s {} merge value {transformation:[-1f,-6.10471414903727e-17f,1.0616423287752325e-16f,-0.018749999999999985f,0f,0.8668967489356029f,0.49848773975383026f,0.6594662436944689f,-1.2246467991473532e-16f,0.49848773975383026f,-0.8668967489356029f,-0.07699587938676164f,0f,0f,0f,1f],start_interpolation:0}
execute if entity @s[tag=aj.animated_pokemon.bone.ear2] run data modify entity @s {} merge value {transformation:[-1f,-8.551080566007586e-17f,8.766698319198233e-17f,-0.006250000000000036f,0f,0.7158552429404095f,0.6982487172596361f,0.6060201284775434f,-1.2246467991473532e-16f,0.6982487172596361f,-0.7158552429404095f,0.29359665327980344f,0f,0f,0f,1f],start_interpolation:0}
execute if entity @s[tag=aj.animated_pokemon.bone.base] run data modify entity @s {} merge value {transformation:[-1f,-4.727300525629142e-17f,1.1297283213524045e-16f,0f,0f,0.9224931810044867f,0.386013381892679f,0.39011851851851853f,-1.2246467991473532e-16f,0.386013381892679f,-0.9224931810044867f,0f,0f,0f,0f,1f],start_interpolation:0}