execute if entity @s[tag=aj.animated_pokemon.bone.ear1] run data modify entity @s {} merge value {transformation:[-1f,1.4289223815140545e-17f,1.216281871499341e-16f,-0.01874999999999997f,0f,0.9931695182204076f,-0.11668036714821986f,0.5213244832869774f,-1.2246467991473532e-16f,-0.11668036714821986f,-0.9931695182204076f,-0.1902101510383056f,0f,0f,0f,1f],start_interpolation:0}
execute if entity @s[tag=aj.animated_pokemon.bone.ear2] run data modify entity @s {} merge value {transformation:[-1f,1.483629119545189e-17f,1.2156266816001668e-16f,-0.00625000000000002f,0f,0.9926345150671471f,-0.12114751131331493f,0.6407833479996488f,-1.2246467991473532e-16f,-0.12114751131331493f,-0.9926345150671471f,0.1646488239666387f,0f,0f,0f,1f],start_interpolation:0}
execute if entity @s[tag=aj.animated_pokemon.bone.base] run data modify entity @s {} merge value {transformation:[-1f,8.766571310475118e-18f,1.2215050165298925e-16f,0f,0f,0.997434539803927f,-0.07158448718911238f,0.3156629629629629f,-1.2246467991473532e-16f,-0.07158448718911238f,-0.997434539803927f,0f,0f,0f,0f,1f],start_interpolation:0}