execute if entity @s[tag=aj.animated_pokemon.bone.ear1] run data modify entity @s {} merge value {transformation:[-1f,-2.99724152786282e-17f,1.1874027180777392e-16f,-0.01874999999999998f,0f,0.9695878998781161f,0.2447433439543235f,0.575444756692763f,-1.2246467991473532e-16f,0.2447433439543235f,-0.9695878998781161f,-0.13435581791249546f,0f,0f,0f,1f],start_interpolation:0}
execute if entity @s[tag=aj.animated_pokemon.bone.ear2] run data modify entity @s {} merge value {transformation:[-1f,-3.9458671133762366e-17f,1.159336495542867e-16f,-0.00625000000000003f,0f,0.946670089980264f,0.3222045014222471f,0.6048230191333952f,-1.2246467991473532e-16f,0.3222045014222471f,-0.946670089980264f,0.23891650921070468f,0f,0f,0f,1f],start_interpolation:0}
execute if entity @s[tag=aj.animated_pokemon.bone.base] run data modify entity @s {} merge value {transformation:[-1f,-2.1265768495757682e-17f,1.2060416625018979e-16f,0f,0f,0.9848077530122081f,0.17364817766693008f,0.3296296296296296f,-1.2246467991473532e-16f,0.17364817766693008f,-0.9848077530122081f,0f,0f,0f,0f,1f],start_interpolation:0}