execute if entity @s[tag=aj.animated_pokemon.bone.ear1] run data modify entity @s {} merge value {transformation:[-1f,8.551080566007585e-17f,8.766698319198233e-17f,-0.018749999999999965f,0f,0.7158552429404095f,-0.6982487172596361f,0.5243615600320313f,-1.2246467991473532e-16f,-0.6982487172596361f,-0.7158552429404095f,-0.24587673396480875f,0f,0f,0f,1f],start_interpolation:0}
execute if entity @s[tag=aj.animated_pokemon.bone.ear2] run data modify entity @s {} merge value {transformation:[-1f,7.788245444698233e-17f,9.450884146963338e-17f,-0.006250000000000006f,0f,0.7717232555168897f,-0.6359585024940018f,0.750775146687298f,-1.2246467991473532e-16f,-0.6359585024940018f,-0.7717232555168897f,0.0523382895968791f,0f,0f,0f,1f],start_interpolation:0}
execute if entity @s[tag=aj.animated_pokemon.bone.base] run data modify entity @s {} merge value {transformation:[-1f,4.727300525629141e-17f,1.1297283213524045e-16f,0f,0f,0.9224931810044867f,-0.3860133818926789f,0.39011851851851853f,-1.2246467991473532e-16f,-0.3860133818926789f,-0.9224931810044867f,0f,0f,0f,0f,1f],start_interpolation:0}