execute if entity @s[tag=aj.animated_pokemon.bone.ear1] run data modify entity @s {} merge value {transformation:[-1f,8.685718122233609e-17f,8.633323749708941e-17f,-0.018749999999999965f,0f,0.7049643828506141f,-0.7092427080429186f,0.5225367708618498f,-1.2246467991473532e-16f,-0.7092427080429186f,-0.7049643828506141f,-0.24635934992258418f,0f,0f,0f,1f],start_interpolation:0}
execute if entity @s[tag=aj.animated_pokemon.bone.ear2] run data modify entity @s {} merge value {transformation:[-1f,7.90892951415775e-17f,9.350123646576565e-17f,-0.006250000000000006f,0f,0.7634955362710688f,-0.6458131046163069f,0.7500245480053571f,-1.2246467991473532e-16f,-0.6458131046163069f,-0.7634955362710688f,0.0510370585128674f,0f,0f,0f,1f],start_interpolation:0}
execute if entity @s[tag=aj.animated_pokemon.bone.base] run data modify entity @s {} merge value {transformation:[-1f,4.768019141226085e-17f,1.1280158320479702e-16f,0f,0f,0.9210948273684614f,-0.38933830917990114f,0.38918148148148146f,-1.2246467991473532e-16f,-0.38933830917990114f,-0.9210948273684614f,0f,0f,0f,0f,1f],start_interpolation:0}