execute if entity @s[tag=aj.animated_pokemon.bone.ear1] run data modify entity @s {} merge value {transformation:[-1f,-5.679421832848454e-17f,1.0849891516082089e-16f,-0.018749999999999985f,0f,0.885960876526702f,0.46375998670005825f,0.6417764654840341f,-1.2246467991473532e-16f,0.46375998670005825f,-0.885960876526702f,-0.08763490751706017f,0f,0f,0f,1f],start_interpolation:0}
execute if entity @s[tag=aj.animated_pokemon.bone.ear2] run data modify entity @s {} merge value {transformation:[-1f,-8.071442945388432e-17f,9.210200163162855e-17f,-0.006250000000000035f,0f,0.7520699167772582f,0.6590833333339936f,0.6030942792470226f,-1.2246467991473532e-16f,0.6590833333339936f,-0.7520699167772582f,0.284788240216704f,0f,0f,0f,1f],start_interpolation:0}
execute if entity @s[tag=aj.animated_pokemon.bone.base] run data modify entity @s {} merge value {transformation:[-1f,-4.274785907802889e-17f,1.1476157183858872e-16f,0f,0f,0.9370993491224588f,0.34906275921997765f,0.37570000000000003f,-1.2246467991473532e-16f,0.34906275921997765f,-0.9370993491224588f,0f,0f,0f,0f,1f],start_interpolation:0}