execute if entity @s[tag=aj.animated_pokemon.bone.ear1] run data modify entity @s {} merge value {transformation:[-1f,6.626824093677862e-17f,1.0298600909717606e-16f,-0.018749999999999968f,0f,0.840944582298169f,-0.5411212521268758f,0.5156746362506454f,-1.2246467991473532e-16f,-0.5411212521268758f,-0.840944582298169f,-0.2305901615458147f,0f,0f,0f,1f],start_interpolation:0}
execute if entity @s[tag=aj.animated_pokemon.bone.ear2] run data modify entity @s {} merge value {transformation:[-1f,6.123233995736766e-17f,1.0605752387249068e-16f,-0.006250000000000011f,0f,0.8660254037844386f,-0.49999999999999994f,0.7098622273645261f,-1.2246467991473532e-16f,-0.49999999999999994f,-0.8660254037844386f,0.0895449536124388f,0f,0f,0f,1f],start_interpolation:0}
execute if entity @s[tag=aj.animated_pokemon.bone.base] run data modify entity @s {} merge value {transformation:[-1f,3.5273395948166475e-17f,1.1727482835162218e-16f,0f,0f,0.9576216459576222f,-0.2880291360147692f,0.3566f,-1.2246467991473532e-16f,-0.2880291360147692f,-0.9576216459576222f,0f,0f,0f,0f,1f],start_interpolation:0}