execute if entity @s[tag=aj.animated_pokemon.bone.ear1] run data modify entity @s {} merge value {transformation:[-1f,-5.4311663304956587e-17f,1.0976265783802617e-16f,-0.018749999999999985f,0f,0.8962801185978455f,0.44348838655170186f,0.6342565430625561f,-1.2246467991473532e-16f,0.44348838655170186f,-0.8962801185978455f,-0.09258832162924273f,0f,0f,0f,1f],start_interpolation:0}
execute if entity @s[tag=aj.animated_pokemon.bone.ear2] run data modify entity @s {} merge value {transformation:[-1f,-7.699690244797175e-17f,9.523169031386609e-17f,-0.006250000000000035f,0f,0.7776257642625621f,0.6287274216662306f,0.6025357085489631f,-1.2246467991473532e-16f,0.6287274216662306f,-0.7776257642625621f,0.2804922342266759f,0f,0f,0f,1f],start_interpolation:0}
execute if entity @s[tag=aj.animated_pokemon.bone.base] run data modify entity @s {} merge value {transformation:[-1f,-4.059735457716597e-17f,1.1553983134813048e-16f,0f,0f,0.9434543202870723f,0.3315025573531195f,0.36986296296296295f,-1.2246467991473532e-16f,0.3315025573531195f,-0.9434543202870723f,0f,0f,0f,0f,1f],start_interpolation:0}