execute if entity @s[tag=aj.animated_pokemon.bone.ear1] run data modify entity @s {} merge value {transformation:[-1f,5.0876023264315586e-17f,1.1139671486820155e-16f,-0.018749999999999968f,0f,0.9096232068361284f,-0.4154342566341369f,0.5591432849335067f,-1.2246467991473532e-16f,-0.4154342566341369f,-0.9096232068361284f,-0.21950020594979722f,0f,0f,0f,1f],start_interpolation:0}
execute if entity @s[tag=aj.animated_pokemon.bone.ear2] run data modify entity @s {} merge value {transformation:[-1f,4.580560465979264e-17f,1.1357572103389599e-16f,-0.006250000000000014f,0f,0.9274161424581505f,-0.3740311467084574f,0.7316100111423657f,-1.2246467991473532e-16f,-0.3740311467084574f,-0.9274161424581505f,0.11284079490745255f,0f,0f,0f,1f],start_interpolation:0}
execute if entity @s[tag=aj.animated_pokemon.bone.base] run data modify entity @s {} merge value {transformation:[-1f,2.7395810132583087e-17f,1.1936107997918766e-16f,0f,0f,0.9746571832980048f,-0.22370376627495467f,0.3850851851851852f,-1.2246467991473532e-16f,-0.22370376627495467f,-0.9746571832980048f,0f,0f,0f,0f,1f],start_interpolation:0}