execute if entity @s[tag=aj.animated_pokemon.bone.ear1] run data modify entity @s {} merge value {transformation:[-1f,5.310364100678293e-17f,1.1035216870746717e-16f,-0.018749999999999968f,0f,0.9010938401529213f,-0.4336241359039663f,0.5141698432982971f,-1.2246467991473532e-16f,-0.4336241359039663f,-0.9010938401529213f,-0.22147064571301808f,0f,0f,0f,1f],start_interpolation:0}
execute if entity @s[tag=aj.animated_pokemon.bone.ear2] run data modify entity @s {} merge value {transformation:[-1f,5.002773710757839e-17f,1.1178024577944708e-16f,-0.006250000000000014f,0f,0.9127549743915785f,-0.40850747450129826f,0.6904148989501926f,-1.2246467991473532e-16f,-0.40850747450129826f,-0.9127549743915785f,0.10888218514856268f,0f,0f,0f,1f],start_interpolation:0}
execute if entity @s[tag=aj.animated_pokemon.bone.base] run data modify entity @s {} merge value {transformation:[-1f,2.875505224220971e-17f,1.1904093748440645e-16f,0f,0f,0.9720430214433042f,-0.23480282039058198f,0.34262592592592594f,-1.2246467991473532e-16f,-0.23480282039058198f,-0.9720430214433042f,0f,0f,0f,0f,1f],start_interpolation:0}