execute if entity @s[tag=aj.animated_pokemon.bone.ear1] run data modify entity @s {} merge value {transformation:[-1f,-6.466224969972663e-18f,1.2229385005492418e-16f,-0.018749999999999975f,0f,0.9986050683353758f,0.05280073384811605f,0.5382251113596507f,-1.2246467991473532e-16f,0.05280073384811605f,-0.9986050683353758f,-0.16702370757244953f,0f,0f,0f,1f],start_interpolation:0}
execute if entity @s[tag=aj.animated_pokemon.bone.ear2] run data modify entity @s {} merge value {transformation:[-1f,-7.493673242151003e-18f,1.2223519414619688e-16f,-0.006250000000000025f,0f,0.9981261064929233f,0.061190485676101795f,0.6188840853570811f,-1.2246467991473532e-16f,0.061190485676101795f,-0.9981261064929233f,0.19861196138461742f,0f,0f,0f,1f],start_interpolation:0}
execute if entity @s[tag=aj.animated_pokemon.bone.base] run data modify entity @s {} merge value {transformation:[-1f,-4.402119915674576e-18f,1.223855349576354e-16f,0f,0f,0.9993537323810014f,0.03594603700217486f,0.3133259259259259f,-1.2246467991473532e-16f,0.03594603700217486f,-0.9993537323810014f,0f,0f,0f,0f,1f],start_interpolation:0}