execute if entity @s[tag=aj.animated_pokemon.bone.ear1] run data modify entity @s {} merge value {transformation:[-1f,5.909767876555973e-17f,1.0726165293869608e-16f,-0.018749999999999968f,0f,0.8758578637806086f,-0.4825691685693037f,0.5520676752005321f,-1.2246467991473532e-16f,-0.4825691685693037f,-0.8758578637806086f,-0.226154850655864f,0f,0f,0f,1f],start_interpolation:0}
execute if entity @s[tag=aj.animated_pokemon.bone.ear2] run data modify entity @s {} merge value {transformation:[-1f,5.332609385731079e-17f,1.1024484360068663e-16f,-0.0062500000000000125f,0f,0.9002174641492012f,-0.43544060127735185f,0.7374301559751945f,-1.2246467991473532e-16f,-0.43544060127735185f,-0.9002174641492012f,0.09916969994101753f,0f,0f,0f,1f],start_interpolation:0}
execute if entity @s[tag=aj.animated_pokemon.bone.base] run data modify entity @s {} merge value {transformation:[-1f,3.205390669110706e-17f,1.1819536747460275e-16f,0f,0f,0.9651384183333102f,-0.26174001118872997f,0.3867481481481482f,-1.2246467991473532e-16f,-0.26174001118872997f,-0.9651384183333102f,0f,0f,0f,0f,1f],start_interpolation:0}