execute if entity @s[tag=aj.animated_pokemon.bone.ear1] run data modify entity @s {} merge value {transformation:[-1f,8.045691776631256e-17f,9.232703943137891e-17f,-0.018749999999999965f,0f,0.7539074898628779f,-0.6569805908310036f,0.5196044997570419f,-1.2246467991473532e-16f,-0.6569805908310036f,-0.7539074898628779f,-0.24034986467580044f,0f,0f,0f,1f],start_interpolation:0}
execute if entity @s[tag=aj.animated_pokemon.bone.ear2] run data modify entity @s {} merge value {transformation:[-1f,7.327363069399761e-17f,9.812529170167204e-17f,-0.006250000000000009f,0f,0.8012538126910607f,-0.5983246005706591f,0.7339928139545142f,-1.2246467991473532e-16f,-0.5983246005706591f,-0.8012538126910607f,0.06662401570421805f,0f,0f,0f,1f],start_interpolation:0}
execute if entity @s[tag=aj.animated_pokemon.bone.base] run data modify entity @s {} merge value {transformation:[-1f,4.2747859078028876e-17f,1.1476157183858872e-16f,0f,0f,0.9370993491224588f,-0.34906275921997754f,0.3757f,-1.2246467991473532e-16f,-0.34906275921997754f,-0.9370993491224588f,0f,0f,0f,0f,1f],start_interpolation:0}