execute if entity @s[tag=aj.animated_pokemon.bone.ear1] run data modify entity @s {} merge value {transformation:[-1f,1.6874443844052538e-17f,1.2129654146583281e-16f,-0.01874999999999997f,0f,0.9904614256966513f,-0.13779029068463808f,0.5836452891900703f,-1.2246467991473532e-16f,-0.13779029068463808f,-0.9904614256966513f,-0.19033574701503242f,0f,0f,0f,1f],start_interpolation:0}
execute if entity @s[tag=aj.animated_pokemon.bone.ear2] run data modify entity @s {} merge value {transformation:[-1f,1.509439392319023e-17f,1.2153088948374456e-16f,-0.00625000000000002f,0f,0.9923750224828833f,-0.12325508002551866f,0.7033209026131375f,-1.2246467991473532e-16f,-0.12325508002551866f,-0.9923750224828833f,0.16445018851766674f,0f,0f,0f,1f],start_interpolation:0}
execute if entity @s[tag=aj.animated_pokemon.bone.base] run data modify entity @s {} merge value {transformation:[-1f,8.841187165471943e-18f,1.2214512366903426e-16f,0f,0f,0.9973906252323237f,-0.07219377188286061f,0.3781f,-1.2246467991473532e-16f,-0.07219377188286061f,-0.9973906252323237f,0f,0f,0f,0f,1f],start_interpolation:0}