execute if entity @s[tag=aj.animated_pokemon.bone.ear1] run data modify entity @s {} merge value {transformation:[-1f,-2.4534206799895452e-17f,1.1998195915769396e-16f,-0.01874999999999998f,0f,0.9797270465348055f,0.20033700179494301f,0.5652264538937168f,-1.2246467991473532e-16f,0.20033700179494301f,-0.9797270465348055f,-0.14247409521754809f,0f,0f,0f,1f],start_interpolation:0}
execute if entity @s[tag=aj.animated_pokemon.bone.ear2] run data modify entity @s {} merge value {transformation:[-1f,-3.14996303085499e-17f,1.1834429059757491e-16f,-0.006250000000000028f,0f,0.9663544679165522f,0.25721400105304787f,0.6070294170825623f,-1.2246467991473532e-16f,0.25721400105304787f,-0.9663544679165522f,0.22961168087263256f,0f,0f,0f,1f],start_interpolation:0}
execute if entity @s[tag=aj.animated_pokemon.bone.base] run data modify entity @s {} merge value {transformation:[-1f,-1.723426312282645e-17f,1.2124594014329618e-16f,0f,0f,0.9900482345416844f,0.1407284380674135f,0.32402592592592594f,-1.2246467991473532e-16f,0.1407284380674135f,-0.9900482345416844f,0f,0f,0f,0f,1f],start_interpolation:0}