execute if entity @s[tag=aj.animated_pokemon.bone.ear1] run data modify entity @s {} merge value {transformation:[-1f,-4.406030460363492e-17f,1.1426411241003663e-16f,-0.018749999999999982f,0f,0.9330372846243647f,0.3597796902283288f,0.6066156742885234f,-1.2246467991473532e-16f,0.3597796902283288f,-0.9330372846243647f,-0.1114342938080048f,0f,0f,0f,1f],start_interpolation:0}
execute if entity @s[tag=aj.animated_pokemon.bone.ear2] run data modify entity @s {} merge value {transformation:[-1f,-6.107733467925834e-17f,1.061468653097982e-16f,-0.006250000000000033f,0f,0.8667549319828525f,0.49873428585109403f,0.601911703863513f,-1.2246467991473532e-16f,0.49873428585109403f,-0.8667549319828525f,0.26296280174996106f,0f,0f,0f,1f],start_interpolation:0}
execute if entity @s[tag=aj.animated_pokemon.bone.base] run data modify entity @s {} merge value {transformation:[-1f,-3.215016463676677e-17f,1.1816922078294063e-16f,0f,0f,0.9649249143933961f,0.26252601696383776f,0.3495962962962963f,-1.2246467991473532e-16f,0.26252601696383776f,-0.9649249143933961f,0f,0f,0f,0f,1f],start_interpolation:0}