execute if entity @s[tag=aj.animated_pokemon.bone.ear1] run data modify entity @s {} merge value {transformation:[-1f,-1.2740814984036583e-17f,1.2180012093656198e-16f,-0.01874999999999998f,0f,0.9945734641315681f,0.10403664952953974f,0.5463790538031669f,-1.2246467991473532e-16f,0.10403664952953974f,-0.9945734641315681f,-0.15889193789306885f,0f,0f,0f,1f],start_interpolation:0}
execute if entity @s[tag=aj.animated_pokemon.bone.ear2] run data modify entity @s {} merge value {transformation:[-1f,-1.5351643198361195e-17f,1.214986620408998e-16f,-0.0062500000000000255f,0f,0.9921118654414637f,0.12535567976864517f,0.6139391653037316f,-1.2246467991473532e-16f,0.12535567976864517f,-0.9921118654414637f,0.20938912845983404f,0f,0f,0f,1f],start_interpolation:0}
execute if entity @s[tag=aj.animated_pokemon.bone.base] run data modify entity @s {} merge value {transformation:[-1f,-8.766571310475157e-18f,1.2215050165298925e-16f,0f,0f,0.997434539803927f,0.07158448718911269f,0.315662962962963f,-1.2246467991473532e-16f,0.07158448718911269f,-0.997434539803927f,0f,0f,0f,0f,1f],start_interpolation:0}