execute if entity @s[tag=aj.animated_pokemon.bone.ear1] run data modify entity @s {} merge value {transformation:[-1f,-1.1524944467867461e-17f,1.2192117733040127e-16f,-0.01874999999999998f,0f,0.99556196460308f,0.09410831331851417f,0.6089131093490715f,-1.2246467991473532e-16f,0.09410831331851417f,-0.99556196460308f,-0.15875097181628092f,0f,0f,0f,1f],start_interpolation:0}
execute if entity @s[tag=aj.animated_pokemon.bone.ear2] run data modify entity @s {} merge value {transformation:[-1f,-1.68744438440525e-17f,1.2129654146583281e-16f,-0.0062500000000000255f,0f,0.9904614256966513f,0.13779029068463777f,0.6762482381570648f,-1.2246467991473532e-16f,0.13779029068463777f,-0.9904614256966513f,0.2095712959444546f,0f,0f,0f,1f],start_interpolation:0}
execute if entity @s[tag=aj.animated_pokemon.bone.base] run data modify entity @s {} merge value {transformation:[-1f,-8.84118716547193e-18f,1.2214512366903426e-16f,0f,0f,0.9973906252323237f,0.0721937718828605f,0.3781f,-1.2246467991473532e-16f,0.0721937718828605f,-0.9973906252323237f,0f,0f,0f,0f,1f],start_interpolation:0}