execute if entity @s[tag=aj.animated_pokemon.bone.ear1] run data modify entity @s {} merge value {transformation:[-1f,6.874101596602755e-18f,1.2227160158376172e-16f,-0.018749999999999975f,0f,0.9984233957814773f,-0.05613129925615101f,0.5256439984088894f,-1.2246467991473532e-16f,-0.05613129925615101f,-0.9984233957814773f,-0.18275009876090106f,0f,0f,0f,1f],start_interpolation:0}
execute if entity @s[tag=aj.animated_pokemon.bone.ear2] run data modify entity @s {} merge value {transformation:[-1f,7.357762736457772e-18f,1.2224345035269812e-16f,-0.006250000000000021f,0f,0.998193523535184f,-0.0600806921765568f,0.6323638492328967f,-1.2246467991473532e-16f,-0.0600806921765568f,-0.998193523535184f,0.17614568825825808f,0f,0f,0f,1f],start_interpolation:0}
execute if entity @s[tag=aj.animated_pokemon.bone.base] run data modify entity @s {} merge value {transformation:[-1f,4.402119915674599e-18f,1.223855349576354e-16f,0f,0f,0.9993537323810014f,-0.035946037002175045f,0.3133259259259259f,-1.2246467991473532e-16f,-0.035946037002175045f,-0.9993537323810014f,0f,0f,0f,0f,1f],start_interpolation:0}