execute if entity @s[tag=aj.animated_pokemon.bone.ear1] run data modify entity @s {} merge value {transformation:[-1f,4.5707575363062286e-17f,1.1361520752543895e-16f,-0.018749999999999968f,0f,0.9277385741304537f,-0.37323067675419297f,0.5141084304954171f,-1.2246467991473532e-16f,-0.37323067675419297f,-0.9277385741304537f,-0.21614420603004875f,0f,0f,0f,1f],start_interpolation:0}
execute if entity @s[tag=aj.animated_pokemon.bone.ear2] run data modify entity @s {} merge value {transformation:[-1f,4.363788124932552e-17f,1.1442610343225161e-16f,-0.006250000000000015f,0f,0.9343600417027956f,-0.3563303417745256f,0.680212083884743f,-1.2246467991473532e-16f,-0.3563303417745256f,-0.9343600417027956f,0.11942231320379657f,0f,0f,0f,1f],start_interpolation:0}
execute if entity @s[tag=aj.animated_pokemon.bone.base] run data modify entity @s {} merge value {transformation:[-1f,2.51167673530638e-17f,1.198613608480675e-16f,0f,0f,0.9787422866047553f,-0.2050939697107041f,0.3359f,-1.2246467991473532e-16f,-0.2050939697107041f,-0.9787422866047553f,0f,0f,0f,0f,1f],start_interpolation:0}