execute if entity @s[tag=aj.animated_pokemon.bone.ear1] run data modify entity @s {} merge value {transformation:[-1f,7.854399162706734e-17f,9.395977440322937e-17f,-0.018749999999999965f,0f,0.7672397826756892f,-0.6413603635085048f,0.5326606805145848f,-1.2246467991473532e-16f,-0.6413603635085048f,-0.7672397826756892f,-0.24115811964746944f,0f,0f,0f,1f],start_interpolation:0}
execute if entity @s[tag=aj.animated_pokemon.bone.ear2] run data modify entity @s {} merge value {transformation:[-1f,7.135900308197577e-17f,9.952633071587214e-17f,-0.006250000000000008f,0f,0.8126941644330941f,-0.5826904796685761f,0.7487778964091855f,-1.2246467991473532e-16f,-0.5826904796685761f,-0.8126941644330941f,0.06460103637891443f,0f,0f,0f,1f],start_interpolation:0}
execute if entity @s[tag=aj.animated_pokemon.bone.base] run data modify entity @s {} merge value {transformation:[-1f,4.339480105531386e-17f,1.1451850971781073e-16f,0f,0f,0.9351145962863984f,-0.35434544135931284f,0.3901148148148148f,-1.2246467991473532e-16f,-0.35434544135931284f,-0.9351145962863984f,0f,0f,0f,0f,1f],start_interpolation:0}