execute if entity @s[tag=aj.animated_pokemon.bone.ear1] run data modify entity @s {} merge value {transformation:[-1f,8.34546862450545e-17f,8.962652046329863e-17f,-0.018749999999999965f,0f,0.7318560790400964f,-0.6814592281069032f,0.5208797571133501f,-1.2246467991473532e-16f,-0.6814592281069032f,-0.7318560790400964f,-0.2425561091860748f,0f,0f,0f,1f],start_interpolation:0}
execute if entity @s[tag=aj.animated_pokemon.bone.ear2] run data modify entity @s {} merge value {transformation:[-1f,7.586375969788951e-17f,9.613681808297721e-17f,-0.006250000000000008f,0f,0.7850166933838508f,-0.6194746089297649f,0.7400103728579513f,-1.2246467991473532e-16f,-0.6194746089297649f,-0.7850166933838508f,0.06105068544044856f,0f,0f,0f,1f],start_interpolation:0}
execute if entity @s[tag=aj.animated_pokemon.bone.base] run data modify entity @s {} merge value {transformation:[-1f,4.4525271115492233e-17f,1.1408373266469891e-16f,0f,0f,0.9315643722265755f,-0.3635764299265099f,0.3807259259259259f,-1.2246467991473532e-16f,-0.3635764299265099f,-0.9315643722265755f,0f,0f,0f,0f,1f],start_interpolation:0}