execute if entity @s[tag=aj.animated_pokemon.bone.ear1] run data modify entity @s {} merge value {transformation:[-1f,-6.123233995736765e-17f,1.0605752387249067e-16f,-0.018749999999999985f,0f,0.8660254037844386f,0.4999999999999999f,0.6565682484007348f,-1.2246467991473532e-16f,0.4999999999999999f,-0.8660254037844386f,-0.07796691735961177f,0f,0f,0f,1f],start_interpolation:0}
execute if entity @s[tag=aj.animated_pokemon.bone.ear2] run data modify entity @s {} merge value {transformation:[-1f,-8.659560562354932e-17f,8.659560562354933e-17f,-0.006250000000000036f,0f,0.7071067811865475f,0.7071067811865475f,0.6044592103413228f,-1.2246467991473532e-16f,0.7071067811865475f,-0.7071067811865475f,0.29281598495995675f,0f,0f,0f,1f],start_interpolation:0}
execute if entity @s[tag=aj.animated_pokemon.bone.base] run data modify entity @s {} merge value {transformation:[-1f,-4.6865204053262974e-17f,1.1314261122877003e-16f,0f,0f,0.9238795325112867f,0.3826834323650897f,0.3875f,-1.2246467991473532e-16f,0.3826834323650897f,-0.9238795325112867f,0f,0f,0f,0f,1f],start_interpolation:0}